Solution: 
x[0] = 1.294118
x[1] = 5.352941
x[2] = 4.941176
x[3] = 10.176471
